5 0.13129963047409385 0.5798843695081883 0.04245616793773096 0.09678323103176015
3 0.17218334774746444 0.5837047602068105 0.034593914615928936 0.09168937676693067
7 0.21070838902429437 0.5875251509054326 0.03616636528028932 0.09678323103176015
0 0.24648164163849356 0.58879861447164 0.036952590612469506 0.09933015816417495
0 0.3203868228634327 0.5919822733871583 0.03695259061246954 0.09296284033313813
4 0.35616007547763184 0.5932557369533658 0.036166365280289284 0.0980566945979676
0 0.3962575674188222 0.5932557369533658 0.03773881594464973 0.0980566945979676
4 0.43438949602956206 0.5932557369533658 0.0353801399481091 0.10315054886279698
2 0.5130120292475824 0.5951659323026768 0.03695259061246954 0.089142449634516
6 0.5511439578583223 0.5951659323026769 0.040883717273370535 0.09678323103176015
1 0.5912414497995125 0.5977128594350916 0.03616636528028935 0.10951786669383391
5 0.6297664910763424 0.6002597865675062 0.040883717273370465 0.10697093956141912
0 0.7099614749587231 0.6079005679647506 0.03616636528028935 0.10442401242900444
9 0.7504520795660037 0.6117209586633725 0.04009749194119042 0.09933015816417484
4 0.7889771208428336 0.61299442222958 0.03695259061246954 0.09933015816417495
9 0.8314332887805644 0.6142678857957874 0.04324239326991116 0.10442401242900431
0 0.41119584873024606 0.740340778850317 0.023586759965406115 0.058579324045539095
5 0.43832062269046307 0.7397040470672134 0.0243729852975863 0.062399714744161124
2 0.49257017061089703 0.7467080966813539 0.025945435961946667 0.06112625117795378
1 0.5200880572372042 0.7479815602475614 0.016510731975784308 0.07386088684002755
