5 0.09475481362041165 0.5804795502782081 0.04584400392045274 0.1018183904089944
3 0.13862278288912075 0.5847817357884473 0.04347276233836036 0.1018183904089944
7 0.18407157987922476 0.58764985946194 0.03793986531347814 0.11042276142947285
0 0.2235922729140978 0.5962542304824183 0.039520693034873086 0.09895026673550163
0 0.29907679661070535 0.6034245396661503 0.03714945145278065 0.09895026673550163
4 0.3425495589490657 0.6034245396661504 0.0387302791741756 0.1046865140824873
0 0.3836510797053337 0.6120289106866289 0.03556862373138571 0.10755463775597995
4 0.42396218660090423 0.6191992198703608 0.041891934616965484 0.1046865140824873
2 0.5089316766258812 0.6227843744622268 0.03952069303487305 0.10612057591923368
6 0.5492427835214518 0.6270865599724659 0.04110152075626796 0.10612057591923356
1 0.5919251319991147 0.6270865599724661 0.03793986531347814 0.11185682326621924
5 0.6342122735464288 0.6371249928296907 0.041891934616965484 0.11185682326621924
0 0.7191817635714058 0.6493145184420351 0.03952069303487312 0.11329088510296563
9 0.7642353536311614 0.6564848276257672 0.03793986531347821 0.11329088510296563
4 0.8037560466660343 0.6550507657890208 0.036359037592083164 0.10755463775597995
9 0.8511808783078819 0.6643721677278723 0.03793986531347807 0.10612057591923368
0 0.4010401846406778 0.7468307233407904 0.02766448512441117 0.06453278265358794
5 0.4294950836257865 0.7496988470142834 0.026083657403016262 0.06740090632708085
2 0.4864048815960037 0.7590202489531348 0.024502829681621284 0.06023059714334878
1 0.5148597805811121 0.7575861871163885 0.024502829681621284 0.06596684449033446
