5 0.08800290475100443 0.588959509311525 0.04104539462778931 0.08889283968176365
3 0.127469630354648 0.5941449249596278 0.04104539462778931 0.090374387009793
7 0.16890969223847374 0.6015526615997748 0.04025606011571645 0.09926367097796937
0 0.20995508686626305 0.6052565299198484 0.03394138401913345 0.09778212364994002
0 0.28770453630544085 0.6148865875520394 0.0347307185312063 0.09630057632191066
4 0.3279605964211573 0.6185904558721127 0.037888056579497835 0.10370831296205756
0 0.36821665653687374 0.6171089085440834 0.03946672560364353 0.10667140761811639
4 0.41005138567673594 0.6259981925122597 0.0410453946277893 0.09778212364994002
2 0.4885901696279866 0.6363690238084655 0.04025606011571645 0.09481902899388119
6 0.5312142332799217 0.6393321184645244 0.035520053043279216 0.09481902899388119
1 0.5718649606516746 0.6437767604486124 0.033152049507060605 0.10074521830599885
5 0.6133050225355005 0.647480628768686 0.03709872206742498 0.10518986029008703
0 0.6969744808152247 0.6659999703690536 0.03394138401913345 0.09185593433782248
9 0.7411772134913055 0.6719261596811711 0.03867739109157068 0.09778212364994002
4 0.7798546045828763 0.6763708016652592 0.029205376946696223 0.1096345022741752
9 0.8244520045149933 0.6756300280012444 0.04104539462778923 0.1051898602900869
0 0.38439801403436763 0.7474850734106702 0.027626707922550526 0.06518808243329338
5 0.4139980582371003 0.7504481680667289 0.026837373410477608 0.06222498777723456
2 0.468067472314092 0.7593374520349052 0.024469369874258993 0.059261893121175725
1 0.4976675165168247 0.762300546690964 0.01736535926560315 0.06518808243329326
