2 0.157553184568343 0.8251968503937008 0.03334200767679396 0.06216328222130126
0 0.19292824149372192 0.8246788230418566 0.030902348578491966 0.06319933692498958
3 0.37142996551948476 0.8189805221715706 0.034968447075661956 0.06423539162867799
1 0.4072116322945807 0.8205346042271032 0.02195693188471802 0.0652714463323664
7 0.4767419165961877 0.8189805221715706 0.03740810617396393 0.06423539162867799
5 0.5873397957192115 0.8148363033568172 0.030902348578491966 0.06216328222130126
0 0.2294905991802745 0.8236013261500208 0.030902348578491966 0.06319933692498958
0 0.2644265174679591 0.8204517198508082 0.030902348578491966 0.06319933692498958
0 0.3318912237330036 0.8204102776626607 0.030902348578491966 0.06319933692498958
0 0.6571465747186259 0.8151885619560714 0.030902348578491966 0.06319933692498958
1 0.624308763255481 0.8142768338168256 0.02195693188471802 0.0652714463323664
7 0.5458330622601002 0.8137588064649813 0.03740810617396393 0.06423539162867799
3 0.43808145208509536 0.8199751346871116 0.034968447075661956 0.06423539162867799
