2 0.15942818351172997 0.8432732026143791 0.03078526096428911 0.059607843137254896
0 0.19455495563764957 0.8411816993464052 0.03157462663004009 0.055424836601307106
3 0.36939945060149665 0.8359529411764707 0.03236399229579107 0.06169934640522879
1 0.40334217422878976 0.8359529411764707 0.029206529632787075 0.06588235294117639
7 0.47675318114363296 0.8333385620915033 0.03078526096428911 0.06483660130718963
5 0.5817388146885163 0.8317699346405228 0.03236399229579107 0.06379084967320259
0 0.23081841432225064 0.8379816993464052 0.03157462663004009 0.055424836601307106
0 0.26787123867260265 0.836873202614379 0.03157462663004009 0.055424836601307106
0 0.3309731299927378 0.835764705882353 0.031574626630040056 0.055424836601307106
3 0.43644817025038685 0.8348444444444445 0.03236399229579107 0.06169934640522879
7 0.5406444381295191 0.8290928104575164 0.03078526096428911 0.06483660130718963
1 0.6156341763758645 0.8306614379084968 0.02920652963278735 0.06588235294117639
0 0.6490401313504467 0.8283816993464052 0.031574626630040126 0.055424836601307106
