2 0.13460974104170248 0.7941664861742834 0.04250194800595026 0.06600864300669378
0 0.1796415669051498 0.7900409459863651 0.03946609457695384 0.06394587291273438
0 0.21961363705360304 0.780242788040059 0.04250194800595026 0.07116556824159169
0 0.26717534077454735 0.7756015553286507 0.03845414343395506 0.06600864300669362
0 0.3420597253564598 0.7678661674763039 0.03643024114795735 0.06085171777179572
3 0.38911545350590465 0.7632249347648957 0.03744219229095613 0.05982033272481616
1 0.4270636213683603 0.7549738543890591 0.030358534289964524 0.06600864300669378
3 0.46197593580181945 0.7529110842950998 0.03946609457695376 0.06807141310065289
7 0.5070077616652667 0.7456913889662428 0.03845414343395506 0.06807141310065289
7 0.5798682439611815 0.7364089235434265 0.040478045719952546 0.06600864300669362
5 0.6208522652526335 0.7307363057850387 0.0354182900049585 0.07116556824159169
1 0.6593064086865886 0.725063688026651 0.029346583146965668 0.06807141310065289
0 0.695736649834546 0.717328300174304 0.03946609457695392 0.07322833833555088
