2 0.22972255409531395 0.6619059446928299 0.02820921279702642 0.05174697797648618
0 0.25917629098632683 0.6665631727107137 0.029038895526350708 0.04864215929789704
0 0.2861409796893668 0.672772810067892 0.026549847338377845 0.048642159297896954
0 0.31766892340369046 0.6774300380857757 0.026549847338377813 0.047607219738367214
0 0.37118345944510817 0.687779433681073 0.032357626443647924 0.05174697797648618
3 0.4047856099827426 0.6960589501573108 0.02986857825567503 0.05174697797648618
1 0.43631355369706626 0.702786057294254 0.02986857825567503 0.05692167577413481
3 0.46410792512943055 0.7095131644311973 0.03401699190229657 0.053816857095545664
7 0.4968803929377406 0.7167577413479053 0.03152794371432367 0.05174697797648618
7 0.5591065976370636 0.7296944858420268 0.03152794371432367 0.05485179665507532
5 0.5951977963626709 0.7395264116575593 0.03567635736094515 0.05588673621460515
1 0.6312889950882783 0.7447011094552078 0.021571750962432086 0.04760721973836738
0 0.6599130492499667 0.7529806259314457 0.032357626443647994 0.05381685709554558
