2 0.1358853574458101 0.7894616977225671 0.03970617431010523 0.053830227743271244
0 0.17514032522966408 0.7848033126293995 0.035194109047593285 0.05900621118012428
3 0.3637446532026639 0.7573706004140786 0.04060858736260764 0.06211180124223599
1 0.3975851426715036 0.7516770186335403 0.03248686989008608 0.061076604554865445
7 0.47158301297669963 0.7465010351966873 0.0342916959950909 0.061076604554865445
5 0.5825798184344938 0.7299378881987577 0.03970617431010523 0.06107660455486536
0 0.2132582525673651 0.7788405797101449 0.035194109047593285 0.05900621118012428
0 0.24957135380006135 0.7739130434782607 0.035194109047593285 0.05900621118012428
0 0.3210785640803508 0.7617391304347825 0.03519410904759324 0.05900621118012428
0 0.6569927987438409 0.7205797101449275 0.03519410904759324 0.05900621118012428
1 0.6197953327196924 0.7250103519668738 0.03248686989008608 0.061076604554865445
7 0.544895049361994 0.7363975155279502 0.0342916959950909 0.061076604554865445
3 0.43164221127294383 0.7483022774327122 0.04060858736260764 0.06211180124223599
