6 0.060932463243965715 0.5138878103077839 0.046387294598631966 0.12166394864228212
0 0.10967843383913829 0.5203592969376926 0.04324239326991116 0.10613238073050144
4 0.15842440443431088 0.5242421889156377 0.03852504127682993 0.10872097538246495
8 0.21267395235474484 0.5300665268825554 0.038525041276829944 0.10483808340451962
0 0.3113452315433603 0.5391266081644275 0.04088371727337057 0.10483808340451962
9 0.35812563880808235 0.5391266081644275 0.03852504127682991 0.11001527270844665
1 0.40844406006761536 0.5514224327612538 0.03695259061246954 0.10872097538246484
9 0.4560106926645176 0.5533638787502265 0.0377388159446498 0.11001527270844665
7 0.5554681971853133 0.55595247340219 0.04324239326991109 0.11001527270844652
1 0.6014623791178552 0.560482514043126 0.03616636528028935 0.11130957003442833
2 0.6545325890400188 0.5708368926509797 0.03695259061246954 0.10613238073050144
3 0.7044578976334618 0.574072635965934 0.04245616793773098 0.11001527270844665
7 0.8027360641559871 0.5824855685848153 0.0393112666090101 0.11648675933835523
9 0.8479440207563489 0.5883099065517331 0.04324239326991116 0.10742667805648314
4 0.8974762166837015 0.5921927985296782 0.04009749194119028 0.10742667805648314
6 0.9477946379432346 0.6012528798115503 0.04324239326991116 0.10224948875255624
