6 0.07558578987150416 0.6237959921762557 0.03936759889140841 0.10333247222939802
8 0.12203955656336608 0.6164151013027273 0.04094230284706475 0.09349128439802686
6 0.17085537918871252 0.6256412148946378 0.03621819098009573 0.1021023237504767
1 0.21494708994708997 0.6213356952184129 0.037792894935752074 0.1057927691872409
7 0.30549256739732933 0.612724655865963 0.04566641471403377 0.1057927691872409
6 0.34840325018896445 0.6225658436973343 0.037005542957923916 0.0984118783137125
9 0.39643172083648276 0.6201055467394915 0.04172965482489291 0.1131736600607693
9 0.4420981355505165 0.61887539826057 0.04172965482489291 0.10333247222939802
0 0.528313177122701 0.6145698785843452 0.03936759889140841 0.08980083896126266
5 0.5771289997480473 0.6164151013027273 0.04409171075837733 0.0984118783137124
5 0.6204333585285966 0.6182603240211094 0.04566641471403377 0.09964202679263383
4 0.6617693373645755 0.6151849528238058 0.03858024691358029 0.0984118783137125
3 0.7546768707482993 0.6207206209789522 0.03858024691358029 0.0947214328769483
6 0.7971938775510204 0.6225658436973343 0.04172965482489291 0.08857069048234123
6 0.8444349962207106 0.6194904725000308 0.04330435878054928 0.09472143287694819
1 0.8901014109347443 0.6176452497816486 0.03858024691358029 0.09595158135586963
