0 0.04521684425746078 0.5580873886431126 0.02909605630480085 0.06908672201684739
1 0.07706523021271575 0.5617235319071572 0.01887311760311406 0.07393491303557363
0 0.13761648252270672 0.5592994363977941 0.02516415680415207 0.06908672201684748
0 0.16396020917705345 0.5592994363977941 0.029096056304800853 0.06908672201684748
0 0.19502221523217866 0.5580873886431126 0.023591397003892563 0.06666262650748436
0 0.22726379113749853 0.5580873886431126 0.02988243620493059 0.07635900854493664
5 0.2610781268430779 0.5592994363977941 0.031455196005190096 0.06666262650748436
3 0.29017418314787874 0.556875340888431 0.029882436204930623 0.06423853099812135
2 0.3224157590531986 0.5592994363977941 0.02673691660441158 0.07151081752621051
6 0.35111862540793454 0.5550572692564087 0.02595053670428184 0.06302648324343973
7 0.37942830181260573 0.5586934125204532 0.02595053670428184 0.06787467426216588
3 0.40931073801753626 0.5550572692564087 0.030668816105060392 0.070298769771529
7 0.4384067943223371 0.5592994363977941 0.030668816105060327 0.07635900854493664
