5 0.1607296849087894 0.6501749228890222 0.048092868988391366 0.05278738071087008
5 0.20094527363184078 0.6310265592978243 0.0439469320066335 0.05589252075268597
4 0.23867330016583746 0.618088475790258 0.04643449419568823 0.06520794087813366
7 0.27474295190713105 0.6035978222617839 0.045605306799336665 0.06727803423934421
5 0.348955223880597 0.5777216552466516 0.038142620232172436 0.07141822096176535
9 0.37880597014925366 0.5596083383360589 0.039800995024875635 0.06210280083631776
6 0.41943615257048084 0.5461527314881901 0.03482587064676617 0.062102800836317675
0 0.4538474295190713 0.5264868445566895 0.0439469320066335 0.05796261411389654
0 0.5222553897180763 0.5042333409236756 0.04311774461028196 0.058997660794501784
3 0.5537645107794361 0.4856025006727803 0.04311774461028196 0.05692756743329122
4 0.5927363184079601 0.47576955720702996 0.04477611940298503 0.06003270747510711
6 0.6288059701492537 0.4597263336576479 0.04394693200663344 0.06934812760055478
7 0.6876782752902156 0.42970997992009435 0.03565505804311783 0.07141822096176535
5 0.7262354892205638 0.4229821764961599 0.03648424543946931 0.06624298755873889
2 0.7565008291873963 0.40331628956465937 0.042288557213930364 0.06210280083631776
5 0.7917412935323382 0.38830811269588256 0.04643449419568823 0.06934812760055478
0 0.4940630182421227 0.6310265592978243 0.03316749585406298 0.04968224066905419
9 0.5205970149253731 0.621193615832074 0.02985074626865671 0.05071728734965943
2 0.565787728026534 0.5989401121990602 0.029021558872305175 0.04761214730784362
0 0.5902487562189054 0.5901422154139151 0.029850746268656646 0.05071728734965943
