5 0.26524990161353795 0.6239339019189766 0.03620621802439987 0.06823027718550104
5 0.30224321133412047 0.6127398720682303 0.03778040141676504 0.07142857142857141
4 0.33923652105470287 0.6004797441364607 0.03620621802439987 0.07036247334754799
7 0.36993309720582446 0.589818763326226 0.03935458480913024 0.08102345415778243
5 0.4388036206218024 0.5626332622601279 0.036993309720582415 0.07569296375266521
9 0.47028728846910667 0.5514392324093816 0.04486422668240848 0.08102345415778255
6 0.5053128689492326 0.539179104477612 0.03305785123966942 0.06929637526652446
0 0.5375836284927193 0.5301172707889125 0.045651318378591065 0.07036247334754799
0 0.5989767807949626 0.5066631130063965 0.036206218024399835 0.06823027718550104
3 0.6265249901613539 0.49386993603411516 0.039354584809130316 0.06609808102345419
4 0.6595828414010232 0.4810767590618337 0.03305785123966942 0.07036247334754799
6 0.6871310507674143 0.4778784648187633 0.03935458480913024 0.06396588486140724
7 0.7390791027154665 0.45175906183368875 0.028335301062573766 0.06716417910447767
5 0.7678079496261314 0.4437633262260127 0.035419126328217324 0.05970149253731338
2 0.7953561589925227 0.43683368869936035 0.035419126328217324 0.06289978678038381
5 0.8221172766627313 0.42350746268656714 0.033844942935852 0.05970149253731343
0 0.5792994883903975 0.6479211087420043 0.023612750885478193 0.05223880597014925
9 0.5977961432506887 0.6409914712153518 0.025974025974026017 0.05756929637526648
2 0.6438410074773712 0.6244669509594882 0.0267611176702086 0.04797441364605545
0 0.6623376623376623 0.6116737739872069 0.03227075954348676 0.04797441364605545
