5 0.17809734513274336 0.6218587521663779 0.036346396965865994 0.07474003466204505
4 0.2563211125158028 0.5915294627383015 0.04108723135271808 0.07040727902946274
7 0.29029709228824274 0.5752816291161178 0.042667509481668774 0.07040727902946274
9 0.39854614412136535 0.5324956672443674 0.042667509481668774 0.067157712305026
6 0.43489254108723135 0.5151646447140381 0.036346396965865994 0.067157712305026
0 0.4672882427307206 0.5037911611785095 0.04582806573957016 0.0725736568457539
5 0.362594816687737 0.5476603119584056 0.03871681415929203 0.07365684575389948
5 0.2179993678887484 0.608318890814558 0.03397597977243995 0.067157712305026
0 0.5091656131479141 0.61644280762565 0.03002528445006321 0.04657712305025997
9 0.5324747155499368 0.6056109185441941 0.029235145385587864 0.06174176776429809
2 0.5822534766118836 0.587738301559792 0.024494310998735776 0.043327556325823226
0 0.6047724399494311 0.5741984402079723 0.033185840707964605 0.04657712305025997
0 0.5372155499367889 0.47400346620450606 0.03713653603034134 0.06499133448873484
3 0.5707964601769911 0.4604636048526863 0.04108723135271808 0.05740901213171577
4 0.6079329962073325 0.45179809358752165 0.033185840707964605 0.06824090121317157
6 0.6391434892541087 0.4333838821490468 0.03871681415929203 0.06824090121317157
7 0.6995891276864729 0.40792894280762565 0.036346396965865994 0.05415944540727903
5 0.7300094816687737 0.3949306759098787 0.03713653603034134 0.08232235701906412
2 0.7639854614412137 0.38084922010398614 0.03713653603034134 0.06282495667244367
5 0.7967762326169405 0.36730935875216636 0.033185840707964605 0.05740901213171577
