5 0.1449560798834049 0.6425979680696663 0.033087800842951126 0.06116524984449514
5 0.1811950998542561 0.6327493261455526 0.031512191279001074 0.0642753472942152
4 0.22058533895300744 0.6218639850715323 0.03781462953480127 0.06738544474393533
7 0.25367313979595857 0.6146070910221854 0.039390239098751355 0.06945884304374873
5 0.3293023988655612 0.5855795148247979 0.03939023909875129 0.06738544474393526
9 0.3667231260093749 0.5767675720505909 0.03387560562492613 0.06842214389384207
6 0.4053255603261512 0.5638088326767573 0.03229999606097613 0.06116524984449514
0 0.4411706779060149 0.5518867924528302 0.037814629534801296 0.06842214389384199
0 0.5152243274116673 0.5290794111548829 0.037814629534801296 0.0663487455940286
3 0.5522511521644936 0.5192307692307693 0.03466341040690112 0.07775243624300225
4 0.5920352936542325 0.5016068836823554 0.03387560562492618 0.06738544474393533
6 0.6286682160160713 0.4870930955836616 0.039390239098751355 0.06323864814430846
7 0.6979950368298735 0.46532241343562103 0.036239019970851244 0.07153224134356205
5 0.7425060070114625 0.4559921210864607 0.0370268247528263 0.07360563964337553
2 0.7846535628471266 0.44147833298776695 0.039390239098751355 0.06116524984449514
5 0.8216803875999528 0.4290379431888866 0.03466341040690112 0.06531204644412193
0 0.4636231141923032 0.6586668048932199 0.024421948241225788 0.051834957495334885
9 0.49277189112537917 0.6508915612689198 0.030724386497026072 0.04665146174580135
2 0.5455548115177059 0.634822724445366 0.025997557805175903 0.053908355795148286
0 0.5727340764958443 0.6239373833713456 0.029936581715051015 0.05079825834542815
