5 0.09501448223065813 0.5791837737305681 0.0457748979930075 0.09942567053841922
3 0.14276243617164008 0.5803534875016083 0.040250341338678976 0.09474681545425834
7 0.18932655654383734 0.5797686306160882 0.040250341338679 0.09357710168321812
0 0.2331283985888704 0.5797686306160882 0.04103956371786878 0.1029348118515399
0 0.31915363792055684 0.5797686306160882 0.039461118959489214 0.098255956767379
4 0.35861475688004607 0.5867869132423296 0.036304229442730054 0.098255956767379
0 0.40636271082102804 0.5821080581581687 0.04025034133867903 0.098255956767379
4 0.4493753304868713 0.5809383443871284 0.03946111895948918 0.098255956767379
2 0.5389520705249118 0.5867869132423296 0.0418287860970586 0.098255956767379
6 0.5831485237595396 0.5856171994712894 0.04025034133867903 0.10527423939362043
1 0.6273449769941676 0.5885414838988899 0.03709345182191984 0.10644395316466065
5 0.6715414302287955 0.5867869132423297 0.04498567561381779 0.10527423939362043
0 0.761512781456431 0.5856171994712894 0.04182878609705852 0.10527423939362043
9 0.8068930682598435 0.5856171994712893 0.041039563717868884 0.10059538430945944
4 0.8506949103048765 0.5885414838988898 0.04182878609705852 0.0924073879121779
9 0.896469808297884 0.5897111976699302 0.041828786097058666 0.10644395316466065
0 0.41977949126725433 0.7347557052789182 0.026044338513262908 0.057315974780971155
5 0.45253222000363036 0.738264846592039 0.026833560892452687 0.06667368494929293
2 0.5156700103388131 0.7400194172485992 0.02525511613407313 0.0655039711782527
1 0.5460550719376198 0.7359254190499585 0.02762278327164247 0.06433425740721248
