5 0.056689342403628114 0.5498443370907139 0.04566641471403376 0.09447128287707993
3 0.10353678508440413 0.5541384863123993 0.038580246913580245 0.09232420826623727
7 0.15313995968757874 0.557895866881374 0.04802847064751828 0.09125067096081585
0 0.19998740236835474 0.5600429414922168 0.03936759889140839 0.0933977455716586
0 0.29210758377425045 0.5627267847557702 0.040942302847064745 0.09661835748792268
4 0.3393487024439405 0.566484165324745 0.040942302847064745 0.0933977455716586
0 0.3893455530360292 0.5654106280193236 0.04172965482489292 0.09983896940418677
4 0.43540564373897706 0.568094471282877 0.04881582262534642 0.09661835748792279
2 0.5322499370118418 0.5718518518518518 0.042517006802721066 0.08695652173913043
6 0.5814594356261023 0.5750724637681158 0.04645376669186192 0.09125067096081585
1 0.627125850340136 0.576682769726248 0.04172965482489292 0.09876543209876544
5 0.6767290249433107 0.5799033816425121 0.04802847064751828 0.10735373054213626
0 0.7759353741496597 0.5831239935587762 0.04172965482489292 0.0858829844337091
9 0.8251448727639205 0.5868813741277509 0.042517006802721136 0.09983896940418677
4 0.8692365835222978 0.5863446054750403 0.04094230284706471 0.10305958132045095
9 0.9227765180146132 0.5895652173913043 0.04566641471403371 0.10305958132045095
0 0.40273053665910813 0.7130220075147611 0.025982615268329567 0.0665593129361245
5 0.4365866717057193 0.7162426194310252 0.03385613504661128 0.060118089103596346
2 0.5039052658100276 0.7194632313472893 0.023620559334845068 0.05367686527106818
1 0.5377614008566389 0.7221470746108427 0.025195263290501424 0.06333870101986043
