5 0.09193741909001926 0.5776550722460121 0.04420447728205615 0.10141987829614604
3 0.1416674560323324 0.5814113640347582 0.04420447728205612 0.09641148924448452
7 0.18824003031164158 0.5876718503493351 0.036310820624546124 0.10141987829614604
0 0.22810299643206716 0.5889239476122505 0.038678917621799105 0.09390729471865371
0 0.3117757570016734 0.592054190769539 0.037100186290297106 0.09766358650739981
0 0.40215812573016324 0.5951844339268273 0.03631082062454609 0.10141987829614604
4 0.35716428278235607 0.5926802394009967 0.03946828328755016 0.10642826734780755
4 0.44162640901771333 0.5945583852953698 0.031574626630040056 0.09766358650739992
2 0.5288513150831992 0.5970625798212005 0.03394272362729311 0.10267197555906145
6 0.5679249155378737 0.5964365311897428 0.04420447728205612 0.10893246187363836
1 0.6137081241514319 0.6026970175043198 0.03788955195604812 0.10392407282197685
5 0.6567285529348614 0.6026970175043198 0.040257648953301174 0.09891568377031523
0 0.7419800448359699 0.6083314551874389 0.040257648953301174 0.10517617008489226
9 0.7873685706166526 0.6039491147672351 0.03788955195604812 0.10893246187363825
4 0.8244687569069495 0.6089575038188966 0.03315335796154202 0.09891568377031523
9 0.8663051371917527 0.608331455187439 0.04420447728205612 0.10768036461072296
0 0.4104464652205488 0.750444494528335 0.01657667898077108 0.056344376831192186
5 0.43846894635470934 0.7542007863170811 0.02999589529853809 0.06636115493451532
2 0.5008288339490384 0.7542007863170811 0.026838432635534093 0.06636115493451532
1 0.5284566322503237 0.7523226404227079 0.02525970130403206 0.07011744672326153
