8 0.1238207547169811 0.593811320754717 0.038522012578616344 0.08805031446540883
8 0.16617924528301883 0.5936603773584905 0.038522012578616344 0.08805031446540883
8 0.20775157232704403 0.5909937106918238 0.03852201257861637 0.08805031446540883
8 0.2524685534591195 0.5933584905660377 0.03852201257861637 0.08805031446540883
8 0.32784591194968554 0.5919496855345912 0.03852201257861637 0.08805031446540883
8 0.3709905660377358 0.5905408805031446 0.03852201257861637 0.08805031446540883
8 0.41492138364779874 0.5903899371069183 0.038522012578616274 0.08805031446540883
8 0.4580660377358491 0.5902389937106919 0.03852201257861632 0.08805031446540883
8 0.533443396226415 0.5900880503144655 0.03852201257861632 0.08805031446540883
8 0.5765880503144653 0.588679245283019 0.03852201257861632 0.08805031446540883
8 0.6181603773584904 0.5897861635220126 0.03852201257861632 0.08805031446540883
8 0.6620911949685533 0.5896352201257863 0.03852201257861632 0.08805031446540883
8 0.7374685534591194 0.5882264150943397 0.03852201257861632 0.08805031446540883
8 0.7821855345911949 0.5893333333333335 0.03852201257861632 0.08805031446540883
8 0.8213993710691824 0.589182389937107 0.03852201257861632 0.08805031446540883
8 0.8669025157232703 0.5915471698113209 0.03852201257861632 0.08805031446540883
0 0.4583333333333333 0.7623647798742137 0.025157232704402475 0.06792452830188676
0 0.48811320754716975 0.7609559748427673 0.025157232704402475 0.06792452830188676
0 0.5438364779874214 0.7582893081761003 0.025157232704402475 0.06792452830188676
0 0.5736163522012577 0.7619119496855343 0.025157232704402475 0.06792452830188676
0 0.31672955974842765 0.838943396226415 0.025157232704402475 0.06792452830188676
