3 0.16735446068548387 0.6066957131410257 0.04016507056451613 0.10391626602564102
7 0.20633820564516128 0.6054437099358975 0.03937752016129032 0.10642027243589744
7 0.2465032762096774 0.6035657051282052 0.03780241935483871 0.10516826923076923
1 0.2882434475806452 0.6029397035256411 0.04095262096774194 0.10892427884615384
0 0.3567603326612903 0.6048177083333334 0.03937752016129032 0.09515224358974358
0 0.4014616935483871 0.6032652243589743 0.03937752016129032 0.09515224358974358
0 0.4485257056451613 0.60546875 0.03937752016129032 0.09515224358974358
0 0.49322706653225806 0.6039162660256411 0.03937752016129032 0.09515224358974358
0 0.5387159778225806 0.6036157852564102 0.03937752016129032 0.09515224358974358
0 0.584992439516129 0.6058193108974359 0.03937752016129032 0.09515224358974358
0 0.6604082661290323 0.6042668269230769 0.03937752016129032 0.09515224358974358
0 0.7429120463709677 0.602714342948718 0.03937752016129032 0.09515224358974358
0 0.7868258568548387 0.6036658653846154 0.03937752016129032 0.09515224358974358
1 0.7015183971774194 0.6038912259615384 0.04095262096774194 0.10892427884615384
1 0.8297001008064516 0.6023387419871795 0.04095262096774194 0.10892427884615384
0 0.650910408266129 0.7919921875 0.027564264112903226 0.0713641826923077
5 0.6792622227822581 0.7888621794871795 0.027564264112903226 0.07011217948717949
