3 0.1613347499311376 0.6022130532633159 0.03620194388698697 0.08627156789197293
7 0.2046196828394916 0.6053388347086772 0.0424979341282021 0.09252313078269572
5 0.24593711879746588 0.6053388347086772 0.0338409475465313 0.09752438109527388
9 0.2856805571951363 0.6034633658414603 0.0424979341282021 0.09877469367341843
8 0.3687089285011609 0.6059639909977494 0.04013693778774639 0.09127281820455116
7 0.4080588675087554 0.6059639909977494 0.0417109353480502 0.09127281820455116
6 0.4533112973674891 0.6009627406851713 0.03934993900759454 0.08877219304826198
5 0.4938417345453115 0.6028382095523881 0.03856294022744263 0.09252313078269565
4 0.5316176759926022 0.6034633658414603 0.03541494510683511 0.0937734433608402
3 0.5737221107307283 0.6028382095523881 0.037775941447290726 0.09002250562640661
2 0.6575374808169047 0.6047136784196049 0.03856294022744263 0.08877219304826205
1 0.6968874198244993 0.6028382095523881 0.03541494510683511 0.0875218804701175
0 0.7378113563923976 0.6040885221305327 0.03698894266713882 0.09002250562640661
0 0.7791287923503719 0.6047136784196049 0.037775941447290726 0.09377344336084029
1 0.8232007240388778 0.607214303575894 0.03620194388698692 0.09627406851712925
9 0.677999449100854 0.7803825956489123 0.01967496950379722 0.06001500375093769
5 0.706331405186322 0.7816329082270569 0.027544957305316167 0.06501625406351592
