3 0.1590534196167999 0.5997299820829232 0.03648014211394493 0.08580008580008582
7 0.20386055069153658 0.6028843970020439 0.0388592818170283 0.09210891563832732
5 0.24430592564395381 0.6016226310343956 0.03410100241086156 0.08958538370303078
9 0.2863373937317599 0.6022535140182198 0.03410100241086161 0.09337068160597567
3 0.5728492577084126 0.5969288616347439 0.03648014211394498 0.08580008580008582
7 0.41225732775028545 0.5975597446185681 0.0388592818170283 0.09210891563832732
5 0.4923550310874254 0.5988215105862164 0.03410100241086161 0.08958538370303078
8 0.36802119020428875 0.599099099099099 0.0372731886816394 0.08201478789714084
6 0.45248064966374824 0.5997299820829232 0.03806623524933378 0.09084714967067897
4 0.5301992132978048 0.5997299820829232 0.03648014211394488 0.10094127741186569
2 0.6558970942773759 0.6035152799858682 0.03410100241086151 0.08832361773538243
1 0.6935668062428626 0.6016226310343956 0.030135769572389292 0.0921089156383274
0 0.7332191346275853 0.6003608650667474 0.03489404897855603 0.0921089156383274
0 0.7740610328638498 0.599099099099099 0.03410100241086151 0.09967951144421726
1 0.8156959776678085 0.6028843970020439 0.03648014211394488 0.08958538370303078
1 0.7336156579114325 0.7770081005375122 0.01824007105697244 0.06182653241476764
5 0.7633549041999745 0.7776389835213364 0.025377490166222552 0.06813536225300931
7 0.898569343991879 0.5132990132990133 0.019826164192361388 0.06687359628536103
9 0.9187920314680879 0.5120372473313649 0.023791397030833505 0.06435006435006442
9 0.940204288795838 0.5132990132990133 0.019033117624666963 0.06687359628536103
7 0.9604269762720465 0.512668130315189 0.018240071056972642 0.07065889418830593
