3 0.1578292767404515 0.6047452547452546 0.03384867281715418 0.0949050949050949
7 0.20073050159010045 0.6078671328671329 0.0409332787556283 0.09615384615384605
5 0.24205736956453291 0.6078671328671329 0.035423029692370656 0.10114885114885122
9 0.2825970591013571 0.6047452547452546 0.03463585125476243 0.0949050949050949
8 0.3680059195818508 0.6034965034965035 0.03699738656758718 0.08991008991008985
7 0.40657766302465437 0.6041208791208791 0.038571743442803674 0.09115884115884114
6 0.45065965553071574 0.6053696303696302 0.036997386567587144 0.09615384615384619
5 0.49001857741112753 0.6034965034965035 0.03384867281715417 0.08241758241758235
4 0.5301646777291477 0.6047452547452546 0.04014610031802012 0.08491508491508494
3 0.5722787241411883 0.6053696303696302 0.03306149437954598 0.0861638361638361
2 0.657687584621682 0.6034965034965035 0.03384867281715424 0.08491508491508494
1 0.6962593280644856 0.6034965034965035 0.030699959066721266 0.08991008991008985
0 0.7375861960389181 0.605994005994006 0.03463585125476243 0.0874125874125874
0 0.7777322963569382 0.6016233766233765 0.03463585125476251 0.0936563436563436
1 0.8229950565194118 0.6116133866133866 0.029125602191504903 0.09865134865134864
9 0.674218331811455 0.7776973026973028 0.022828174690638865 0.06618381618381619
5 0.7060990585345885 0.7801948051948052 0.026764066878680024 0.06118881118881115
