3 0.1610160149914177 0.6115792875431924 0.04015558320079367 0.09197802470977201
7 0.20235264475694062 0.6066075024237452 0.04251767633025209 0.10192159494866627
5 0.24841346078138038 0.6059860292838143 0.041730311953765996 0.1106222189076988
9 0.2877816796056879 0.6078504487036069 0.03543139694187675 0.10192159494866637
8 0.3676991638190321 0.6053645561438834 0.03621876131836292 0.09694980982921915
7 0.4106105223375273 0.6090933949834687 0.03858085444782134 0.0994357023889428
6 0.4499787411618348 0.6028786635841598 0.03070721068295985 0.09446391726949559
5 0.4917090531156008 0.6078504487036069 0.040155583200793696 0.09943570238894271
4 0.5318646363163945 0.6090933949834687 0.03385666818890439 0.0994357023889428
3 0.5720202195171882 0.6078504487036069 0.040155583200793585 0.09943570238894271
2 0.6562682078012062 0.6078504487036069 0.0370061256948491 0.10440748750838984
1 0.6968174731902429 0.6109578144032614 0.037793490071335166 0.10813632634797524
0 0.7361856920145504 0.6053645561438834 0.037793490071335166 0.10440748750838984
0 0.7802780970977748 0.6053645561438834 0.04094294757727976 0.1068933800681135
1 0.8231894556162701 0.6090933949834687 0.03543139694187675 0.11683695030700766
