3 0.16694227891959995 0.5993505682527788 0.0377982518308528 0.08867241163981517
7 0.20907158043940466 0.6005994754589733 0.0370107882510434 0.09616585487698262
5 0.24923222300968575 0.6049706506806544 0.03701078825104337 0.10490820532034469
9 0.29136152452949043 0.6043461970775571 0.04409796046932831 0.10865492693892836
8 0.3701078825104339 0.6018483826651678 0.03622332467123394 0.09866366928937177
7 0.4106622568706197 0.6037217434744598 0.03858571541066226 0.09741476208317723
6 0.45200409481061493 0.5974772074434869 0.03307347035199622 0.08992131884600969
5 0.49649578706984804 0.6055951042837516 0.03543586109142454 0.09866366928937177
4 0.5327191117410819 0.5968527538403896 0.030711079612567953 0.09616585487698262
3 0.5748484132608866 0.5987261146496814 0.04094810615009053 0.09991257649556638
2 0.6610756752500196 0.6012239290620706 0.038585715410662316 0.09741476208317723
1 0.6984801952909676 0.599975021855876 0.031498543192377354 0.10490820532034469
0 0.742578155760296 0.6037217434744598 0.04409796046932825 0.11240164855751214
0 0.7827387983305771 0.6062195578868489 0.0377982518308528 0.10740601973273384
1 0.8240806362705725 0.6037217434744598 0.02913615245294915 0.12239290620706875
