3 0.1648590021691974 0.6022339435308718 0.03312956024452773 0.09432206019236743
7 0.20587655294813645 0.6016134036611852 0.04101755077893906 0.09059882097424755
5 0.24689410372707551 0.5985107043127521 0.03312956024452769 0.09928637914986038
9 0.2883060540327352 0.5991312441824388 0.03391835929796882 0.09308098045299414
8 0.36797475843028987 0.600372323921812 0.03391835929796888 0.09059882097424765
7 0.41017550778939066 0.6009928637914986 0.039439952672056806 0.08935774123487436
6 0.4519818576217709 0.5985107043127521 0.03628475645829223 0.09183990071362085
5 0.49378820745415103 0.6009928637914985 0.03628475645829223 0.09183990071362085
4 0.5328337605994873 0.6016134036611852 0.032340761191086566 0.09804529941048709
3 0.5718793137448235 0.6009928637914986 0.03470715835140998 0.09432206019236733
2 0.6550976138828634 0.6009928637914986 0.03391835929796882 0.10176853862860687
1 0.693748767501479 0.6016134036611852 0.03391835929796882 0.09059882097424755
0 0.7355551173338593 0.6028544834005585 0.035495957404851015 0.09556313993174062
0 0.7746006704791955 0.6016134036611852 0.039439952672056806 0.09308098045299414
1 0.8179846184184579 0.603475023270245 0.03628475645829217 0.09183990071362085
1 0.7391047130743443 0.7766056469128142 0.01735357917570499 0.06577722618678253
5 0.7690790771051075 0.7753645671734409 0.026819167816998644 0.06577722618678253
