3 0.16270517676767676 0.6041168261562998 0.03551136363636361 0.08472886762360454
7 0.20610795454545455 0.6059858452950557 0.03551136363636364 0.09095893141945775
5 0.24595959595959596 0.6053628389154705 0.03472222222222223 0.08472886762360445
9 0.2877840909090909 0.6028708133971291 0.03787878787878789 0.0897129186602871
8 0.367092803030303 0.6041168261562998 0.03551136363636361 0.09220494417862839
7 0.40920138888888885 0.600204346092504 0.03551136363636367 0.09095893141945775
3 0.5749210858585859 0.6033193779904307 0.03551136363636367 0.08472886762360454
5 0.492455808080808 0.60207336523126 0.03472222222222226 0.08472886762360445
6 0.45113636363636367 0.6059858452950557 0.033143939393939385 0.09095893141945775
4 0.5320233585858586 0.6028708133971291 0.033933080808080794 0.10217304625199362
2 0.6567077020202021 0.6072318580542264 0.038667929292929296 0.09594298245614032
1 0.6993213383838383 0.6041168261562998 0.03393308080808086 0.09718899521531096
0 0.7387784090909091 0.6053628389154704 0.030776515151515228 0.0897129186602871
0 0.7809974747474747 0.6059858452950557 0.03156565656565651 0.09095893141945775
1 0.8204545454545454 0.6059858452950557 0.026830808080808073 0.09095893141945775
9 0.6760416666666667 0.7785586124401913 0.02209595959595963 0.06230063795853269
5 0.7064236111111111 0.783542663476874 0.021306818181818225 0.06728468899521545
1 0.11693497474747475 0.9212270733652311 0.013415404040404037 0.06354665071770334
3 0.14692234848484848 0.9199810606060604 0.024463383838383854 0.05607057416267948
4 0.20729166666666668 0.9187350478468899 0.022095959595959603 0.06105462519936205
5 0.26687184343434345 0.9230960925039873 0.021306818181818194 0.0598086124401914
7 0.32290088383838383 0.920604066985646 0.02761994949494954 0.06479266347687397
2 0.38524305555555555 0.9187350478468899 0.026041666666666668 0.05856259968102076
1 0.17482638888888888 0.9179375996810206 0.013415404040404066 0.06354665071770334
5 0.2363794191919192 0.9185606060606061 0.021306818181818225 0.0598086124401914
4 0.29359217171717167 0.9216756379585325 0.02209595959595963 0.06105462519936205
4 0.3538510101010101 0.9196321770334926 0.02209595959595963 0.06105462519936205
7 0.8981849747474747 0.48449960127591707 0.021306818181818225 0.06977671451355655
9 0.919491792929293 0.48449960127591707 0.021306818181818107 0.06977671451355655
9 0.9407986111111111 0.48761463317384374 0.018150252525252597 0.07351475279106856
7 0.9585542929292928 0.4832535885167464 0.02209595959595963 0.05731658692185012
