3 0.16191603535353535 0.6059858452950558 0.03551136363636364 0.0834828548644338
7 0.20650252525252527 0.604739832535885 0.03472222222222223 0.08597488038277518
5 0.24793244949494947 0.6059858452950558 0.033933080808080794 0.08597488038277508
9 0.2873895202020202 0.6066088516746411 0.037089646464646485 0.0897129186602871
7 0.4111742424242424 0.6026963716108454 0.03472222222222226 0.08597488038277518
3 0.5749210858585858 0.6039423843700159 0.03551136363636355 0.0834828548644338
5 0.49206123737373736 0.600204346092504 0.03393308080808074 0.08597488038277508
8 0.3694602272727272 0.6041168261562998 0.03708964646464642 0.0897129186602871
6 0.45113636363636367 0.604739832535885 0.031565656565656575 0.08846690590111646
4 0.5328125 0.6053628389154704 0.03077651515151517 0.09469696969696968
2 0.6563131313131313 0.6034938197767145 0.03787878787878789 0.08597488038277518
1 0.6981376262626263 0.6066088516746411 0.028409090909091005 0.09220494417862839
0 0.7383838383838383 0.6034938197767145 0.03787878787878789 0.08597488038277518
1 0.8215277777777776 0.6020733652312599 0.028409090909091005 0.09220494417862839
0 0.7797032828282828 0.603942384370016 0.03787878787878789 0.08597488038277518
9 0.6752525252525252 0.7773125996810206 0.023674242424242445 0.06230063795853269
5 0.7060290404040404 0.779804625199362 0.02525252525252526 0.0598086124401914
7 0.8989741161616162 0.4838765948963317 0.02288510101010104 0.0685307017543859
9 0.9198863636363636 0.48512260765550236 0.022095959595959513 0.05856259968102076
9 0.9400094696969696 0.4857456140350877 0.01972853535353541 0.06479266347687397
7 0.9593434343434344 0.48449960127591707 0.018939393939393884 0.06479266347687397
1 0.11732954545454545 0.9218500797448166 0.020517676767676775 0.0598086124401914
1 0.1769097222222222 0.9174890350877192 0.021306818181818194 0.06354665071770334
3 0.14928977272727273 0.9212270733652311 0.024463383838383854 0.06105462519936205
4 0.20650252525252527 0.9199810606060604 0.02051767676767679 0.06603867623604462
5 0.23570075757575756 0.916866028708134 0.02525252525252526 0.05731658692185012
5 0.2656881313131313 0.9181120414673046 0.02525252525252526 0.0598086124401914
4 0.2964646464646465 0.9193580542264753 0.02209595959595957 0.06230063795853269
7 0.32447916666666665 0.9187350478468899 0.019728535353535352 0.06105462519936205
4 0.353677398989899 0.9187350478468899 0.024463383838383854 0.06354665071770334
2 0.38484848484848483 0.920604066985646 0.028409090909090887 0.06230063795853269
