4 0.1179245283018868 0.5957871618248975 0.03616352201257861 0.10232604572227208
8 0.1580188679245283 0.5970350404312669 0.03773584905660376 0.10482180293501052
3 0.2016509433962264 0.6001547369471898 0.04009433962264152 0.10107816711590292
5 0.2448899371069182 0.5970350404312668 0.040094339622641494 0.11230907457322548
1 0.33176100628930816 0.5995307976440052 0.03459119496855342 0.10232604572227215
9 0.37303459119496857 0.5964111011280822 0.03852201257861637 0.10606968154137966
8 0.41234276729559743 0.593915343915344 0.03852201257861637 0.10107816711590292
8 0.4029088050314465 0.7648747129879205 0.025943396226415085 0.06613756613756613
8 0.4559905660377357 0.5995557552161327 0.03852201257861632 0.10107816711590292
8 0.5420911949685533 0.5989567734850756 0.03852201257861632 0.10107816711590292
8 0.5833805031446538 0.5996056703603876 0.03852201257861632 0.10107816711590292
8 0.6262421383647796 0.5940151742038537 0.03852201257861632 0.10107816711590292
8 0.6698899371069181 0.5996555855046426 0.03852201257861632 0.10107816711590292
8 0.7552044025157231 0.596560846560847 0.03852201257861632 0.10107816711590292
8 0.7980660377358488 0.5972097434361591 0.03852201257861632 0.10107816711590292
8 0.8393553459119496 0.605345911949686 0.03852201257861642 0.10107816711590292
8 0.8814308176100627 0.6034990516122596 0.03852201257861642 0.10107816711590292
8 0.433191823899371 0.7630278526504941 0.025943396226415037 0.06613756613756613
8 0.4933490566037736 0.7661725067385444 0.025943396226415037 0.06613756613756613
8 0.522059748427673 0.7680692822202256 0.025943396226415037 0.06613756613756613
8 0.10973270440251577 0.7624787860636918 0.02594339622641506 0.06613756613756613
8 0.14237421383647805 0.7668713187581112 0.02594339622641506 0.06613756613756613
8 0.20017295597484278 0.7675202156334233 0.02594339622641506 0.06613756613756613
8 0.2304559748427673 0.7681691125087353 0.025943396226415037 0.06613756613756613
