4 0.11713836477987422 0.5978711844314926 0.04245283018867924 0.0852020152128816
8 0.1611635220125786 0.5960189667094735 0.03459119496855346 0.08890645065691992
3 0.20400943396226415 0.597253778524153 0.038522012578616344 0.09137607428627877
5 0.24921383647798745 0.5984885903388323 0.04245283018867928 0.09878494517435542
8 0.33138364779874213 0.5978958806677863 0.03459119496855346 0.08890645065691992
8 0.3734591194968553 0.5973031709967401 0.03459119496855346 0.08890645065691992
8 0.41710691823899365 0.5991800849550529 0.03459119496855351 0.08890645065691992
8 0.45996855345911947 0.5948829398399684 0.03459119496855351 0.08890645065691992
8 0.544496855345912 0.5979946656129607 0.03459119496855351 0.08890645065691992
8 0.5897169811320755 0.5998715795712735 0.03459119496855351 0.08890645065691992
8 0.6317924528301887 0.5968092462708684 0.03459119496855351 0.08890645065691992
8 0.6738679245283019 0.5986861602291811 0.03459119496855351 0.08890645065691992
8 0.759182389937107 0.5919193914847377 0.03459119496855351 0.08890645065691992
8 0.799685534591195 0.5962659290724093 0.03459119496855351 0.08890645065691992
8 0.8456918238993711 0.5956732194013631 0.03459119496855351 0.08890645065691992
8 0.8861949685534591 0.5963153215449966 0.03459119496855351 0.08890645065691992
0 0.11871069182389936 0.7602489380618394 0.02515723270440251 0.06174059073397207
0 0.14663522012578614 0.7608910402054727 0.02515723270440252 0.06174059073397207
0 0.20522012578616344 0.7602983305344266 0.02515723270440245 0.06174059073397207
0 0.23550314465408795 0.7621752444927394 0.025157232704402427 0.06174059073397207
0 0.4151572327044024 0.757878099377655 0.025157232704402475 0.06174059073397207
0 0.4477987421383647 0.7572853897066089 0.02515723270440257 0.06174059073397207
0 0.5055974842767296 0.7579274918502422 0.02515723270440257 0.06174059073397207
0 0.5327358490566039 0.757334782179196 0.02515723270440257 0.06174059073397207
