6 0.12303459119496854 0.6010178748758688 0.04323899371069183 0.10551142005958293
2 0.16273584905660377 0.6035004965243297 0.03930817610062893 0.10799404170804373
5 0.20361635220125787 0.5991559086395233 0.036163522012578636 0.11420059582919553
0 0.24764150943396226 0.5991559086395233 0.04245283018867923 0.0993048659384309
2 0.3337264150943396 0.6022591857000993 0.03852201257861632 0.10302879841112213
8 0.37578616352201255 0.5997765640516385 0.036163522012578636 0.09806355511420053
0 0.4182389937106918 0.5991559086395233 0.04088050314465415 0.09682224428997017
0 0.460691823899371 0.6010178748758688 0.03773584905660376 0.09558093346573973
0 0.5483490566037736 0.6022591857000993 0.041666666666666664 0.09309831181727894
1 0.5919811320754716 0.6010178748758688 0.031446540880503165 0.09558093346573973
8 0.6340408805031447 0.6016385302879841 0.043238993710691793 0.09185700099304857
7 0.6776729559748428 0.6022591857000993 0.03773584905660376 0.09558093346573988
2 0.7629716981132075 0.6016385302879841 0.035377358490565974 0.09185700099304857
8 0.8062106918238993 0.6022591857000993 0.036949685534591194 0.10054617676266134
2 0.8470911949685536 0.6035004965243296 0.036949685534591194 0.10551142005958286
8 0.8879716981132075 0.6003972194637537 0.040094339622641355 0.09682224428997009
