5 0.11170899021366311 0.5975897688145597 0.04405424966172629 0.10083620265617316
1 0.15182982472702097 0.5982046237088047 0.03933415148368418 0.10944417117560253
7 0.19824412347776832 0.5957452041318249 0.04562761572107365 0.10452533202164288
9 0.24072500708014727 0.594515494343335 0.04090751754303159 0.10452533202164295
8 0.3315868970074577 0.5994343334972946 0.041694200572705224 0.10206591244466307
8 0.37441392114289307 0.5975159862272503 0.041694200572705224 0.10206591244466307
8 0.4148808961893073 0.6029758976881455 0.04169420057270513 0.10206591244466307
8 0.4600679694137638 0.5998278406296114 0.04169420057270527 0.10206591244466307
8 0.5485226092702729 0.5979094933595671 0.04169420057270527 0.10206591244466307
8 0.5897762673463608 0.6009099852434825 0.04169420057270527 0.10206591244466307
8 0.635750023600491 0.5953025086079684 0.04169420057270527 0.10206591244466307
8 0.6793637307656 0.5970732907033939 0.04169420057270527 0.10206591244466307
8 0.7670316875924352 0.5988440727988195 0.04169420057270527 0.10206591244466307
8 0.8114320777872179 0.5969257255287752 0.04169420057270527 0.10206591244466307
8 0.855045784952327 0.595007378258731 0.04169420057270508 0.10206591244466307
8 0.8994461751471096 0.5943187407771765 0.041694200572705176 0.10206591244466307
0 0.25921205827747884 0.7851205115592719 0.02281380786053686 0.06763403836694527
0 0.2891060134050788 0.7832759468765371 0.035400736335315736 0.06886374815543526
0 0.3524339972938104 0.7857353664535169 0.02832058906825262 0.06886374815543526
0 0.38036124484722617 0.7869650762420067 0.033827370275968424 0.07378258730939505
0 0.442902545706284 0.7820462370880471 0.03146732118694739 0.07378258730939491
0 0.47594323295257873 0.7838908017707821 0.02517385694955785 0.07993113625184468
0 0.5345511186632682 0.7875799311362519 0.030680638157273753 0.07747171667486472
0 0.5664117813650523 0.7869650762420067 0.03146732118694739 0.07132316773241508
