4 0.12306527192691814 0.6187608221034404 0.039443997412473765 0.09912419383171465
2 0.1656647891323898 0.6269166102035183 0.039443997412473765 0.10288840372405834
3 0.20510878654486359 0.6256618735727371 0.039443997412473744 0.1053978769856208
2 0.24258058408671368 0.6231524003111747 0.040232877360723264 0.11041682350874556
7 0.3333017781354033 0.6175060854726593 0.0386551174642243 0.0966147205701522
1 0.3735346554961266 0.6206429270496122 0.040232877360723236 0.10288840372405826
8 0.41692305264984775 0.6218976636803935 0.04338839715372116 0.10790735024718309
8 0.46307252962244205 0.622525031995784 0.04259951720547167 0.10916208687796425
8 0.5495022167526545 0.625737157770584 0.04259951720547167 0.10916208687796425
8 0.5893879869361482 0.6239303370222591 0.04259951720547167 0.10916208687796425
8 0.6347959167573881 0.6246329895354965 0.04259951720547167 0.10916208687796425
8 0.6731039270443826 0.619061958894828 0.04259951720547167 0.10916208687796425
8 0.7579558542780961 0.6197646114080653 0.04259951720547167 0.10916208687796425
8 0.8009971442545875 0.6192125272905216 0.04259951720547167 0.10916208687796425
8 0.8432495542828293 0.6211699164345402 0.04259951720547167 0.10916208687796425
8 0.8910241239488175 0.6218725689477776 0.04259951720547167 0.10916208687796425
8 0.45321153026932354 0.786895530628121 0.029188558085230625 0.06399156816984114
8 0.4859973809185719 0.7838339732490152 0.029188558085230625 0.06399156816984114
8 0.5424496300153043 0.7832818891314712 0.029188558085230625 0.06399156816984114
8 0.5736577207680537 0.7852392782754899 0.029188558085230625 0.06399156816984114
