6 0.10974228263947888 0.607036257767774 0.03697410239466313 0.08807554924891135
2 0.15340319078636833 0.610094436561139 0.03776078542433683 0.0941919068356412
5 0.19667075741842097 0.6107060723198121 0.04248088360237893 0.1003082644223712
0 0.23993832405047355 0.607647893526447 0.03776078542433683 0.09908499290502513
4 0.3256867742849051 0.611929343837158 0.03461405330564206 0.08562900621421925
8 0.4110418830044998 0.6064246220091011 0.041694200572705224 0.09419190683564128
2 0.3685137984203405 0.6118559475461172 0.03776078542433683 0.0941919068356412
8 0.4562289562289562 0.6069628614767334 0.041694200572705176 0.09419190683564128
8 0.5399634979074232 0.6075011009443656 0.041694200572705176 0.09419190683564128
8 0.5843638881022059 0.6080393404119979 0.041694200572705176 0.09419190683564128
8 0.630337644356336 0.6073543083622841 0.041694200572705176 0.09419190683564128
8 0.673951351521445 0.6078925478299163 0.041694200572705176 0.09419190683564128
8 0.7584725762295855 0.6072075157802027 0.041694200572705176 0.09419190683564128
8 0.7989395512759999 0.6077457552478349 0.041694200572705176 0.09419190683564128
8 0.8433399414707825 0.6070607231981213 0.0416942005727047 0.09419190683564128
8 0.8877403316655653 0.6088222341830994 0.041694200572704794 0.09419190683564128
8 0.3197866515623525 0.7630033762293877 0.016520343623147374 0.059940304349953434
8 0.34299380093772613 0.7623917404707148 0.02202712483086313 0.06361011890199146
8 0.3913748072626577 0.7593335616773498 0.02281380786053686 0.06483339041933751
8 0.41733534724188925 0.7636150119880609 0.02281380786053681 0.07094974800606736
6 0.16087667956826834 0.9232519450017125 0.02596053997923158 0.059940304349953434
2 0.1868372195474999 0.9269217595537506 0.022813807860536835 0.06238684738464555
5 0.21397778407124202 0.9244752165190585 0.023600490890210515 0.06727993345402948
0 0.23797161647628937 0.9281450310710965 0.02596053997923158 0.07217301952341341
4 0.2891060134050788 0.9269217595537506 0.02596053997923158 0.07217301952341341
3 0.31427987035463667 0.9250868522777315 0.02281380786053681 0.06605666193668358
8 0.4161553226973788 0.9256984880364046 0.02045375877151577 0.06238684738464555
8 0.36458038327197195 0.9250134559866907 0.020453758771515725 0.06238684738464555
8 0.3389659838257969 0.9218818809022851 0.02045375877151577 0.06238684738464555
8 0.44167532017999306 0.9250134559866908 0.02045375877151577 0.06238684738464555
8 0.46640863463293364 0.924328423936977 0.02045375877151577 0.06238684738464555
8 0.49271531514522166 0.9260899349219553 0.02045375877151577 0.06238684738464555
8 0.5434091695773938 0.9229583598375497 0.02045375877151577 0.06238684738464555
8 0.5689291670600081 0.9247198708225278 0.02045375877151577 0.06238684738464555
8 0.595235847572296 0.9228115672554681 0.02045375877151577 0.06238684738464555
8 0.6207558450549102 0.9233498067231003 0.02045375877151577 0.06238684738464555
