5 0.10899933105103686 0.6109767441860465 0.04800692558926535 0.10170542635658911
3 0.19911069137842835 0.6134573643410852 0.03934993900759454 0.09674418604651157
1 0.24318262306693425 0.6109767441860465 0.044071931688505886 0.10666666666666663
0 0.32503049620273083 0.6153178294573642 0.04249793412820207 0.1054263565891473
8 0.41002636445913504 0.6153178294573642 0.03620194388698697 0.11038759689922484
4 0.45213079919726124 0.6084961240310077 0.046432928028961526 0.10170542635658922
5 0.15393696139770985 0.6111007751937985 0.04800692558926535 0.10170542635658911
5 0.7356077598079722 0.6112248062015503 0.048006925589265385 0.10170542635658911
4 0.6505331916735531 0.6073798449612402 0.046432928028961526 0.10170542635658922
1 0.36839412898909996 0.6123410852713177 0.04407193168850582 0.10666666666666663
1 0.521150592216582 0.6075038759689921 0.04407193168850582 0.10666666666666663
3 0.6029197654743634 0.6111007751937985 0.03934993900759454 0.09674418604651157
8 0.866564356825247 0.6104806201550387 0.03620194388698697 0.11038759689922484
2 0.5666391217093614 0.6122170542635659 0.03620194388698697 0.10666666666666663
6 0.7858182819816628 0.6115968992248062 0.0495809231495691 0.11038759689922471
7 0.82202022586865 0.6091162790697674 0.04013693778774639 0.11534883720930225
