5 0.1118039808515999 0.6100069735006974 0.04566641471403377 0.10584777844192078
4 0.15235260770975056 0.6118748754732019 0.04015495086923659 0.10709304642359038
5 0.19998740236835477 0.6131201434548714 0.04566641471403375 0.1170551902769475
2 0.24526014109347447 0.614988045427376 0.03858024691358024 0.10833831440526011
9 0.36966175359032505 0.6174785813907153 0.04015495086923663 0.10584777844192066
0 0.4106040564373898 0.6174785813907153 0.038580246913580196 0.11082885036859934
1 0.5228017132779038 0.6168559473998805 0.03464348702443942 0.11954572624028696
3 0.6038989669942051 0.6143654114365412 0.04251700680272112 0.10958358238692972
8 0.860575711766188 0.6131201434548714 0.048815822625346464 0.11207411835026906
7 0.8176650289745528 0.6156106794182109 0.04645376669186205 0.10709304642359038
6 0.78656462585034 0.6137427774457063 0.04566641471403375 0.10833831440526
5 0.7401108591584782 0.6162333134090457 0.050390526581002744 0.12079099422195658
4 0.650352733686067 0.6137427774457064 0.04724111866969003 0.11082885036859934
2 0.5594135802469136 0.6106296074915323 0.04330435878054926 0.11954572624028696
4 0.4519400352733686 0.6137427774457063 0.03779289493575206 0.1008667065152421
2 0.32242063492063494 0.6162333134090457 0.04172965482489291 0.10335724247858132
8 0.4578451751070799 0.7793634190077706 0.024407911312673232 0.06848973899183104
8 0.4832608969513732 0.7784668260609684 0.024407911312673232 0.06848973899183104
8 0.5456821617535904 0.7775702331141662 0.024407911312673232 0.06848973899183104
8 0.5695231796422273 0.7754283721856944 0.024407911312673232 0.06848973899183104
