4 0.1224852071005917 0.6109717868338558 0.040236686390532544 0.10658307210031348
2 0.16272189349112426 0.6109717868338558 0.04339250493096647 0.10156739811912227
3 0.20414201183431951 0.609717868338558 0.041025641025641046 0.09404388714733543
2 0.2447731755424063 0.6084639498432601 0.041814595660749486 0.09153605015673978
1 0.34497041420118346 0.6115987460815048 0.027613412228796843 0.09529780564263325
1 0.3745562130177515 0.6084639498432601 0.033136094674556235 0.10407523510971783
0 0.41637080867850096 0.609717868338558 0.03786982248520708 0.08902821316614414
8 0.5398422090729783 0.6103448275862069 0.03550295857988166 0.0927899686520376
0 0.4577909270216962 0.6065830721003135 0.03786982248520708 0.08902821316614414
8 0.5828402366863905 0.6072100313479624 0.03550295857988166 0.0927899686520376
8 0.6226824457593688 0.6078369905956114 0.03550295857988166 0.0927899686520376
8 0.6680473372781065 0.6084639498432602 0.03550295857988166 0.0927899686520376
8 0.7528599605522682 0.6103448275862069 0.03550295857988166 0.0927899686520376
8 0.795069033530572 0.6059561128526646 0.03550295857988166 0.0927899686520376
8 0.8357001972386587 0.6065830721003135 0.03550295857988166 0.0927899686520376
8 0.880276134122288 0.603448275862069 0.03550295857988166 0.0927899686520376
0 0.4542406311637081 0.7702194357366772 0.023668639053254437 0.058934169278996903
8 0.48422090729783035 0.7733542319749217 0.022090729783037454 0.06018808777429464
0 0.542603550295858 0.7714733542319749 0.02051282051282058 0.058934169278996903
8 0.5698224852071005 0.7689655172413793 0.024457593688362988 0.05642633228840126
