4 0.10413790383022366 0.6152514940239043 0.04102402272099719 0.10209163346613544
2 0.1491065441205475 0.6171190239043824 0.03786832866553587 0.10084661354581677
3 0.19289179914007334 0.6140064741035856 0.0355015581239399 0.099601593625498
2 0.23628259240266655 0.6164965139442231 0.04023509920713187 0.10209163346613544
7 0.32266971717092024 0.6183640438247011 0.0362904816378052 0.10333665338645419
1 0.3613269693503215 0.6189865537848604 0.023667705415959917 0.09960159362549792
8 0.40353437734211667 0.6102714143426293 0.03865725217940119 0.10209163346613552
0 0.4611257938542858 0.772746513944223 0.019723087846633274 0.06598605577689245
6 0.4930771961658317 0.7752365537848604 0.028401246499151968 0.06847609561752979
1 0.5530353832195967 0.7733690239043824 0.017356317305037276 0.057270916334661234
3 0.5806477062048834 0.7771040836653385 0.026823399471421264 0.06723107569721112
8 0.4500650861898938 0.6139815737051793 0.03865725217940119 0.10209163346613552
8 0.5328862766754763 0.6152016932270916 0.03865725217940125 0.10209163346613552
8 0.5770502149816574 0.6139317729083664 0.03865725217940125 0.10209163346613552
8 0.617269535718512 0.6151518924302788 0.03865725217940125 0.10209163346613552
8 0.6614334740246932 0.6163720119521912 0.03865725217940125 0.10209163346613552
8 0.7442546645102756 0.6126120517928287 0.03865725217940125 0.10209163346613552
8 0.7892075263303222 0.6163222111553786 0.03865725217940125 0.10209163346613552
8 0.8341603881503686 0.6138072709163348 0.03865725217940125 0.10209163346613552
8 0.8743797088872232 0.6137823705179283 0.03865725217940125 0.10209163346613552
