4 0.09783346219999053 0.6031544818507594 0.04260489482902813 0.09872991882206673
3 0.14556672399917944 0.6055922576241437 0.03865999715967366 0.09872991882206673
1 0.18659365976046582 0.6049828136807976 0.0355040790241901 0.0999488067087589
7 0.22959304435642938 0.6043733697374516 0.04260489482902813 0.10116769459545108
8 0.3175642623830338 0.6043733697374516 0.03865999715967371 0.0962921430486824
4 0.35938017767819097 0.6055922576241437 0.04023795622741548 0.09872991882206673
2 0.40514099064270276 0.6025450379074133 0.04023795622741548 0.0999488067087589
0 0.44695690593785997 0.6068111455108359 0.040237956227415425 0.0962921430486824
8 0.5384785318668833 0.6043733697374516 0.03550407902419013 0.09141659150191372
8 0.5802313287993309 0.6067136344799006 0.03550407902419013 0.09141659150191372
8 0.6219841257317785 0.6041783476755809 0.03550407902419013 0.09141659150191372
8 0.6653148817319678 0.6028619487579533 0.03550407902419013 0.09141659150191372
8 0.7559844097644106 0.6015455498403256 0.03550407902419013 0.09141659150191372
8 0.7985261862307292 0.6051047024694667 0.03550407902419013 0.09141659150191372
8 0.8418569422309184 0.6050071914385313 0.03550407902419013 0.09141659150191372
8 0.8843987186972369 0.6024719046342116 0.03550407902419013 0.09141659150191372
0 0.4256544585233459 0.7597815752907048 0.03392611995644836 0.06581994588137782
7 0.4560301705773752 0.7622193510640891 0.025247345083868538 0.06581994588137782
1 0.5069193505120477 0.7652665707808195 0.018146529279030533 0.06460105799468557
6 0.537295062566077 0.7616099071207431 0.03155918135483566 0.05728773067453256
