5 0.11543249759679784 0.6088984751203853 0.04176056227051389 0.10784510433386833
7 0.24819956821154482 0.6070174558587479 0.04570023795641142 0.10909911717495989
2 0.3305387900468033 0.6076444622792937 0.04491230281923192 0.10533707865168537
8 0.4172116551365491 0.6026284109149278 0.04333643254487291 0.10533707865168537
1 0.45700237956411427 0.7656500802568218 0.020486313566667223 0.06270064205457462
2 0.48536804450257653 0.7675310995184591 0.026789794664103323 0.06646268057784914
9 0.5755866177096302 0.7694121187800962 0.030729470350000794 0.07022471910112353
7 0.27498936287564807 0.9280447431781702 0.026789794664103243 0.06646268057784914
6 0.30532486565705913 0.9292987560192616 0.02600185952692374 0.06646268057784914
5 0.1575397513276707 0.6031801765650081 0.04176056227051387 0.10784510433386833
4 0.20210536268654364 0.6057634430176565 0.0401846919961549 0.10408306581059394
4 0.3718581086404967 0.5987911316211879 0.0401846919961549 0.10408306581059394
8 0.459318908867422 0.6019261637239166 0.04333643254487291 0.10533707865168537
8 0.5463384654175267 0.6037319422150882 0.04333643254487291 0.10533707865168537
8 0.5860819137368611 0.6017756821829856 0.04333643254487291 0.10533707865168537
8 0.631340908016452 0.6048354735152489 0.04333643254487291 0.10533707865168537
8 0.6758119671588634 0.6028792134831461 0.04333643254487291 0.10533707865168537
8 0.7581039128858911 0.599668940609952 0.043336432544872995 0.10533707865168537
8 0.7978473612052256 0.6002207062600322 0.043336432544872995 0.10533707865168537
8 0.8423184203476368 0.604534510433387 0.043336432544872995 0.10533707865168537
8 0.8852136092156891 0.6000702247191013 0.043336432544872995 0.10533707865168537
1 0.5448098712513986 0.7662018459069021 0.020486313566667223 0.06270064205457462
2 0.4069212222449848 0.9298505216693419 0.026789794664103323 0.06646268057784914
2 0.17719085364892756 0.9304022873194222 0.02678979466410328 0.06646268057784914
9 0.20402792442126164 0.9254614767255216 0.030729470350000794 0.07022471910112353
9 0.23037647540854433 0.9297752808988763 0.030729470350000794 0.07022471910112353
1 0.2524859353578013 0.9279695024077047 0.020486313566667223 0.06270064205457462
7 0.33049151393857257 0.9311045345104334 0.026789794664103243 0.06646268057784914
9 0.3591565942291631 0.9290730337078651 0.030729470350000836 0.07022471910112353
1 0.38170729785524055 0.9317315409309791 0.020486313566667223 0.06270064205457462
