5 0.12438104684757023 0.6213308956121016 0.04093553440552944 0.10143257864155468
4 0.21176266836706575 0.6200786415547985 0.044084421667493226 0.0989280705269484
7 0.25742153366554094 0.6232092766980564 0.04408442166749327 0.0926668002404327
2 0.3377181588456179 0.6244615307553595 0.03936109077454751 0.09517130835503898
0 0.423918947641877 0.6207047685834501 0.03857386895905664 0.09517130835503898
8 0.5510552708436656 0.619452514526147 0.03463775988160182 0.08765778401122014
5 0.16593061426918262 0.621055399719495 0.040935534405529474 0.10143257864155468
4 0.38162939171370314 0.6160463834902824 0.04408442166749334 0.0989280705269484
0 0.4662557368789804 0.6179247645762371 0.03857386895905664 0.09517130835503898
8 0.5941792818962598 0.6204292726908434 0.03463775988160182 0.08765778401122014
8 0.6357288493178722 0.6201537767982367 0.03463775988160182 0.08765778401122014
8 0.6788528603704663 0.6186260268483268 0.03463775988160182 0.08765778401122014
8 0.7636996276440812 0.6183505309557201 0.03463775988160182 0.08765778401122014
8 0.8044619732502024 0.6168227810058103 0.03463775988160182 0.08765778401122014
8 0.8475859843027969 0.6215563013424164 0.03463775988160182 0.08765778401122014
8 0.8899227735399002 0.6175240432779002 0.03463775988160182 0.08765778401122014
1 0.4471419911988601 0.7690968743738729 0.020467767202764702 0.06386495692246048
2 0.4766628092797707 0.7716013824884792 0.029127207173165193 0.061360448807854205
1 0.5360980563493376 0.7722275095171307 0.023616654464728493 0.06261270286515734
9 0.5636508198915208 0.7722275095171307 0.028339985357674246 0.06511721097976363
