5 0.1377421309888311 0.6052052423343225 0.04092909035096694 0.10385756676557859
5 0.18300025974230416 0.6058234421364985 0.04643877559052021 0.10756676557863495
4 0.22432289903895347 0.6033506429277942 0.03620650300277844 0.10756676557863495
7 0.2735165172492503 0.6064416419386746 0.04801297137324967 0.10385756676557871
2 0.35694889373391364 0.6045870425321465 0.04486457980779067 0.11251236399604352
4 0.3955166904107864 0.6070598417408506 0.04171618824233171 0.11993076162215625
8 0.4427425638926713 0.6039688427299702 0.044864579807790746 0.09891196834817013
8 0.4899684373745563 0.6033506429277942 0.04486457980779067 0.1149851632047478
8 0.5765492054246786 0.6052052423343225 0.0401419924596022 0.10385756676557859
8 0.6233815299608813 0.6039688427299704 0.04092909035096699 0.10138476755687442
8 0.6654912671488953 0.6052052423343225 0.043290384025061156 0.10633036597428287
8 0.7087816511739564 0.6027324431256181 0.043290384025061156 0.10385756676557871
8 0.797723712898173 0.6052052423343225 0.043290384025061156 0.09643916913946586
8 0.8414076458689166 0.6064416419386746 0.04407748191642603 0.1013847675568743
8 0.8843044809482956 0.6033506429277942 0.04171618824233171 0.10509396636993079
8 0.9291690607560862 0.6045870425321463 0.04014199245960212 0.10509396636993067
1 0.48878779053750915 0.767173590504451 0.01574195782729502 0.07171117705242339
2 0.5194846083007343 0.7727373887240356 0.029909719871860523 0.07047477744807118
1 0.5796975969901377 0.7696463897131554 0.01652905571865974 0.0692383778437191
9 0.6092137679163158 0.7696463897131554 0.03305811143731948 0.07171117705242326
