6 0.11179165813796034 0.5984157286656417 0.039363259907732526 0.08677542519958337
2 0.19799719733589455 0.5996553775970646 0.03385240352064998 0.09669261665096442
7 0.3255341594369479 0.5971760797342193 0.03857599470957785 0.0942133187881192
0 0.4058352096487223 0.5953166063370853 0.04329958589850576 0.1028908613080775
1 0.44952842814630534 0.5953166063370853 0.0362141991151139 0.1028908613080775
8 0.5345530695470075 0.5959364308027966 0.04093779030404181 0.0942133187881192
8 0.5770653902473587 0.5984157286656417 0.03621419911511397 0.091734020925274
8 0.6164129048511281 0.5971512867555908 0.0362141991151139 0.091734020925274
8 0.6604840106438253 0.5971264937769624 0.0362141991151139 0.091734020925274
8 0.7462801719387191 0.5971017007983339 0.0362141991151139 0.091734020925274
8 0.7872022169387977 0.5958372588882829 0.0362141991151139 0.091734020925274
8 0.8289115271370312 0.5933331680468091 0.0362141991151139 0.091734020925274
8 0.8721953677315738 0.5933083750681807 0.0362141991151139 0.091734020925274
2 0.1546818661334257 0.5971512867555908 0.03385240352064998 0.09669261665096442
6 0.2393128749350506 0.5971512867555908 0.039363259907732526 0.08677542519958337
6 0.3644722961376769 0.5983661427083848 0.039363259907732526 0.08677542519958337
1 0.41173969863488213 0.760189914216294 0.020468895152020904 0.06570139336539893
1 0.49873250303097094 0.7595700897505826 0.019681629953866228 0.0694203401596667
2 0.4389003479712175 0.7651485099419844 0.021256160350175576 0.07065998909108946
9 0.5290422131599251 0.7614295631477165 0.023617955944639463 0.07065998909108946
8 0.08030105021177433 0.9157658551098328 0.018894364755711615 0.05950314870828586
8 0.10667443434995512 0.9145262061784102 0.022830690746484857 0.06198244657113096
2 0.13659051187983184 0.9176253285069668 0.022830690746484857 0.058263499776863306
6 0.1688683850041725 0.9163856795755442 0.02440522114279417 0.06074279763970862
7 0.22791327486577126 0.9163856795755442 0.019681629953866263 0.06570139336539883
0 0.2849900017319834 0.9163856795755442 0.023617955944639495 0.06570139336539883
1 0.31490607926186015 0.9207244508355233 0.022043425548330182 0.07437893588535732
6 0.253090015902757 0.9163608865969157 0.02440522114279417 0.06074279763970862
8 0.37432885641857316 0.916980711062627 0.022830690746484857 0.06198244657113096
8 0.4034419234463321 0.9157162691525761 0.022830690746484857 0.06198244657113096
8 0.43255499047409124 0.9156914761739476 0.022830690746484857 0.06198244657113096
8 0.46324258789815936 0.9206252789210098 0.022830690746484857 0.06198244657113096
8 0.5214844672576405 0.9144022412852681 0.022830690746484857 0.06198244657113096
8 0.5529593298798634 0.9168567461694851 0.022830690746484857 0.06198244657113096
8 0.5812851317094676 0.9168319531908568 0.022830690746484857 0.06198244657113096
8 0.6111854639353812 0.914327862349383 0.022830690746484722 0.06198244657113096
