4 0.12401574803149606 0.5858417223163559 0.040157480314960636 0.10091697398584669
7 0.16732283464566927 0.5895793880195355 0.04330708661417324 0.09344164257948767
9 0.21220472440944882 0.5914482208711253 0.04173228346456691 0.09468753114721425
1 0.2547244094488189 0.5939399980065784 0.0322834645669291 0.08721219974085523
1 0.33700787401574805 0.5951858865743047 0.03622047244094483 0.09219575401176118
0 0.37401574803149606 0.5951858865743047 0.03464566929133855 0.08721219974085523
5 0.41299212598425195 0.5877105551679458 0.03858267716535431 0.09468753114721416
0 0.4547244094488189 0.5902023323033988 0.04645669291338584 0.09967108541812021
1 0.5444881889763779 0.5920711651549886 0.03858267716535431 0.09344164257948767
2 0.5783464566929133 0.5939399980065784 0.035433070866141746 0.09219575401176118
3 0.6141732283464566 0.590825276587262 0.03937007874015751 0.08845808830858162
4 0.6535433070866141 0.5870876108840826 0.034645669291338665 0.09094986544403469
5 0.7460629921259843 0.5845958337486296 0.03858267716535443 0.10091697398584669
6 0.7877952755905511 0.5902023323033988 0.03700787401574803 0.08222864546994918
7 0.8248031496062993 0.5895793880195355 0.03385826771653535 0.08596631117312864
8 0.8610236220472441 0.5889564437356722 0.03700787401574803 0.08721219974085513
