4 0.1204724409448819 0.598969940078245 0.03622047244094489 0.0940920120833952
0 0.16535433070866143 0.5983509136829595 0.03622047244094489 0.09285395929282422
2 0.20393700787401575 0.5958748081018175 0.03937007874015748 0.09037785371168228
8 0.2456692913385827 0.5952557817065319 0.04094488188976382 0.0891398009211113
5 0.3303149606299213 0.5977318872876739 0.03700787401574803 0.0891398009211113
6 0.3720472440944882 0.5958748081018175 0.041732283464566935 0.09037785371168228
1 0.5456692913385828 0.598969940078245 0.02834645669291342 0.0891398009211113
3 0.6263779527559055 0.598969940078245 0.035433070866141746 0.09161590650225325
7 0.8366141732283464 0.600207992868816 0.03700787401574803 0.09656811766453724
0 0.5751968503937007 0.77415440994404 0.019685039370078698 0.060664586737978476
8 0.6011811023622047 0.775392462734611 0.02598425196850394 0.06561679790026238
1 0.6535433070866141 0.775392462734611 0.01574803149606305 0.06561679790026238
8 0.6783464566929133 0.7722973307581835 0.022834645669291262 0.07180706185311736
2 0.42034645669291343 0.5956767196553262 0.03937007874015745 0.09037785371168228
0 0.4620787401574803 0.5969147724458971 0.03622047244094489 0.09285395929282422
2 0.5832125984251969 0.5954786312088347 0.039370078740157397 0.09037785371168228
4 0.6652283464566929 0.5975337988411826 0.03622047244094483 0.0940920120833952
5 0.7553858267716536 0.5987718516317536 0.03700787401574803 0.0891398009211113
6 0.7939685039370079 0.5956767196553261 0.04173228346456699 0.09037785371168228
8 0.8778267716535433 0.5975337988411826 0.04094488188976379 0.0891398009211113
