5 0.13543307086614173 0.6002307036461206 0.036220472440944874 0.08776769145894985
5 0.17559055118110234 0.599603791564271 0.0330708661417323 0.09403681227744619
5 0.37480314960629924 0.5964692311550228 0.037795275590551174 0.09027533978634839
5 0.7909448818897638 0.5914539345002258 0.03228346456692907 0.09529063644114547
2 0.215748031496063 0.599603791564271 0.029921259842519702 0.09152916395004765
2 0.5854330708661416 0.5970961432368724 0.04645669291338584 0.09905210893224335
4 0.25118110236220476 0.5977230553187222 0.034645669291338575 0.09027533978634839
4 0.6240157480314961 0.5989768794824213 0.029133858267716504 0.10030593309594253
1 0.3362204724409449 0.5977230553187222 0.03307086614173227 0.09278298811374693
1 0.5433070866141732 0.5952154069913235 0.03307086614173238 0.09779828476854409
1 0.5830708661417323 0.7626009328451778 0.02125984251968498 0.06394503234866336
0 0.41811023622047244 0.5939615828276242 0.03622047244094489 0.08526004313155122
0 0.5051181102362204 0.7582125482722304 0.030708661417322845 0.06269120818496418
0 0.4574803149606299 0.5983499674005718 0.04094488188976379 0.08651386729525058
8 0.6649606299212598 0.5958423190731731 0.03858267716535431 0.09654446060484483
8 0.6062992125984251 0.7626009328451777 0.02362204724409446 0.0664526806760619
8 0.8700787401574803 0.5970961432368724 0.034645669291338665 0.08902151562264911
3 0.5311023622047244 0.7619740207633281 0.02440944881889766 0.06519885651236272
6 0.7507874015748032 0.5964692311550228 0.04173228346456687 0.09529063644114547
9 0.8283464566929134 0.5939615828276242 0.04094488188976379 0.09779828476854409
