4 0.11456692913385828 0.5859990157480315 0.04330708661417323 0.0971948818897637
6 0.15826771653543306 0.5847687007874015 0.04251968503937007 0.0971948818897638
1 0.2023622047244094 0.5884596456692913 0.03937007874015748 0.10703740157480315
7 0.2448818897637795 0.5866141732283465 0.03937007874015748 0.0984251968503937
2 0.3228346456692913 0.5841535433070866 0.04251968503937007 0.09596456692913388
6 0.36771653543307087 0.5847687007874016 0.04094488188976379 0.0947342519685039
7 0.41023622047244096 0.5841535433070866 0.03937007874015751 0.10088582677165352
0 0.4484251968503937 0.5829232283464567 0.03543307086614169 0.09596456692913388
1 0.5322834645669291 0.5890748031496063 0.036220472440944944 0.10088582677165352
2 0.5767716535433072 0.5872293307086615 0.035433070866141746 0.0971948818897638
3 0.618503937007874 0.5859990157480315 0.044881889763779555 0.0996555118110237
4 0.6598425196850394 0.5909202755905512 0.03779527559055111 0.10211614173228342
5 0.7401574803149606 0.5798474409448818 0.04566929133858264 0.0971948818897638
6 0.7846456692913385 0.577386811023622 0.04173228346456699 0.09227362204724407
7 0.8275590551181102 0.5786171259842521 0.039370078740157397 0.0971948818897638
8 0.865748031496063 0.5829232283464567 0.03385826771653535 0.0984251968503937
0 0.5334645669291339 0.7490157480314961 0.02125984251968498 0.05659448818897648
8 0.5618110236220473 0.7527066929133858 0.022834645669291262 0.06889763779527555
1 0.6165354330708661 0.7514763779527559 0.022047244094488178 0.0565944881889763
8 0.6405511811023622 0.750861220472441 0.02598425196850394 0.06766732283464556
