4 0.11377952755905513 0.5847323329866786 0.04960629921259843 0.11266280394196011
6 0.1610236220472441 0.585351359381964 0.043307086614173214 0.11142475115138914
1 0.20551181102362204 0.5822562274055365 0.04251968503937007 0.11266280394196003
7 0.24606299212598423 0.5822562274055365 0.046456692913385805 0.11018669836081808
2 0.3279527559055118 0.5847323329866786 0.041732283464566935 0.10028227603625017
5 0.37165354330708655 0.5847323329866786 0.037795275590551174 0.10275838161739213
5 0.41220472440944883 0.5859703857772495 0.03858267716535431 0.11018669836081817
0 0.45393700787401575 0.5847323329866785 0.03543307086614169 0.10771059277967612
1 0.5350393700787401 0.5828752538008221 0.03228346456692907 0.10152032882682115
2 0.5783464566929133 0.5834942801961075 0.04173228346456687 0.10275838161739213
3 0.6232283464566929 0.5859703857772495 0.040157480314960706 0.10523448719853408
4 0.6641732283464566 0.582875253800822 0.040157480314960595 0.11142475115138906
1 0.6200787401574803 0.7630119348289011 0.024409448818897544 0.06561679790026238
8 0.6456692913385826 0.7518694597137622 0.025196850393700742 0.07056900906254647
0 0.5350393700787401 0.7549645916901896 0.027559055118110336 0.0742831674342593
8 0.565748031496063 0.7574406972713317 0.027559055118110222 0.0841875897588273
5 0.7397637795275591 0.5816372010102511 0.044881889763779444 0.10152032882682124
6 0.787007874015748 0.590303570544248 0.035433070866141746 0.10152032882682124
7 0.8244094488188976 0.5729708314762542 0.04251968503937007 0.10152032882682124
8 0.8688976377952756 0.5847323329866786 0.03858267716535431 0.10275838161739213
