5 0.12306458334971573 0.6041350367215949 0.03538598243282559 0.08887243103129051
5 0.16120280886064997 0.6035178670616551 0.04089046858904294 0.0999814849102018
5 0.5669620740903836 0.7726223538850829 0.03302691693730385 0.06541998395358874
2 0.2056318756929755 0.6053693760414738 0.03538598243282559 0.08887243103129051
1 0.24534281153425755 0.5998148491020181 0.03145420660695609 0.09010677035116955
1 0.1887252396417366 0.6948589767327038 0.02201794462486927 0.045670554835524256
5 0.13407355566215035 0.69979633401222 0.019658879129347575 0.05060791211504042
5 0.15098019171338925 0.6973276553724619 0.01887252396417367 0.053076590754798585
2 0.16945953809497596 0.6985619946923409 0.018086168798999738 0.04567055483552434
1 0.4482224441491244 0.7701536752453249 0.026736075615912708 0.08023205579213723
0 0.47849711800831957 0.7701536752453249 0.033813272102477754 0.06788866259334699
1 0.5351146899008407 0.7732395235450225 0.03381327210247781 0.06912300191322594
0 0.33302141245114775 0.5985805097821391 0.04482224441491244 0.0975128062704438
0 0.379023189613821 0.6035178670616552 0.033026916937303905 0.09257544899092764
8 0.418734125455103 0.5985805097821391 0.03853140309352119 0.09504412763068572
8 0.46237683712225464 0.596111831142381 0.037745047928347285 0.08763809171141147
8 0.5492690828739708 0.6010491884218971 0.02909514111143437 0.08763809171141147
8 0.588980018715253 0.5985805097821391 0.04246317891939072 0.0975128062704438
8 0.8850427384032271 0.59734617046226 0.03224056177212999 0.08763809171141147
8 0.7568668464798811 0.6072208850212923 0.036958692763173435 0.10491884218971796
8 0.798936847816685 0.5979633401221995 0.037745047928347396 0.08887243103129051
8 0.8429727370664234 0.5979633401221996 0.04246317891939072 0.10368450286983892
8 0.6298704873042958 0.5967290008023206 0.036172337597999475 0.08640375239153243
8 0.6727268438062736 0.6016663580818368 0.04010411342386906 0.09627846695056476
