5 0.12198289091581606 0.5976952528715497 0.04249726522228431 0.1051024749130401
4 0.16290618335208984 0.6027001326293135 0.04249726522228431 0.1076049147919222
2 0.20422296898486625 0.6001976927504317 0.04171027882927905 0.10009759515527629
4 0.25065516617217687 0.6001976927504317 0.04171027882927905 0.10510247491304027
1 0.3325017510447244 0.5989464728109907 0.03541438768523695 0.10510247491304019
8 0.3746055230705061 0.6008233027201522 0.039349319650263254 0.10885613473136306
0 0.417496281489293 0.5995720827807112 0.03698836047124745 0.09884637521583545
1 0.464715465069609 0.5970696429018293 0.04013630604326855 0.10385125497359925
2 0.5410531451911196 0.5976952528715498 0.04171027882927905 0.09759515527639459
3 0.5819764376273934 0.5951928129926678 0.03698836047124745 0.10760491479192213
4 0.6225062368671646 0.5964440329321088 0.034627401292231644 0.110107354670804
5 0.666970968071962 0.5920647631440654 0.04800616997332116 0.10385125497359918
6 0.751572005320028 0.5920647631440654 0.034627401292231644 0.10385125497359918
7 0.7936757773458096 0.5989464728109907 0.03856233325725795 0.110107354670804
8 0.8420754405156335 0.5926903731137859 0.04249726522228436 0.09509271539751248
9 0.8861466785239284 0.5995720827807112 0.04249726522228436 0.09884637521583545
0 0.24081783625961106 0.7772453141813268 0.029905482934200065 0.07131953654813453
0 0.24553975461764263 0.9286429268536822 0.033053428506221096 0.0688170966692525
1 0.21760173766595572 0.9261404869748002 0.016526714253110548 0.07882685618478012
1 0.2715103055868164 0.7703636045144013 0.029905482934200037 0.08007807612422113
1 0.3238449007216665 0.7734916543630039 0.024396578183163233 0.07382197642701623
1 0.42379217263333513 0.7734916543630039 0.02282260539715273 0.07382197642701623
1 0.533183281261067 0.7747428743024447 0.029118496541194836 0.07131953654813436
1 0.5922072607364619 0.7791221440904882 0.024396578183163233 0.08007807612422113
2 0.4497627236025089 0.7734916543630039 0.03069246932720539 0.07131953654813453
3 0.5072127302918932 0.7747428743024449 0.03226644211321584 0.07632441630589826
8 0.6213257572776567 0.7747428743024447 0.027544523755184337 0.07131953654813436
6 0.3537503836558666 0.770989214484122 0.033840414899226394 0.08633417582142587
