4 0.11517295597484276 0.5606647507184805 0.038522012578616344 0.10621017118580531
3 0.15762578616352202 0.5656628764213419 0.03537735849056605 0.1037111083343746
0 0.19654088050314467 0.5656628764213419 0.03773584905660379 0.10870923403723604
0 0.235062893081761 0.5656628764213419 0.03930817610062893 0.10870923403723604
1 0.33294025157232704 0.5650381107084843 0.033805031446540866 0.09996251405722847
2 0.3714622641509434 0.5650381107084843 0.038522012578616344 0.1049606397600899
3 0.41077044025157233 0.5681619392727728 0.03537735849056602 0.11120829688866675
4 0.449685534591195 0.5631638135699113 0.04088050314465406 0.1037111083343746
5 0.5452044025157233 0.5619142821441959 0.04481132075471693 0.1037111083343746
6 0.5864779874213837 0.5644133449956266 0.04559748427672948 0.10621017118580531
7 0.6214622641509434 0.5637885792827689 0.036949685534591124 0.09496438835436713
8 0.6588050314465408 0.5656628764213419 0.0455974842767296 0.10621017118580531
8 0.7551100628930818 0.5662876421341997 0.044811320754716985 0.10496063976009
8 0.7928459119496856 0.5637885792827689 0.041666666666666664 0.10496063976009
8 0.8305817610062893 0.5656628764213419 0.040094339622641445 0.11620642259152819
8 0.8757861635220127 0.5681619392727727 0.04874213836477992 0.1187054854429589
1 0.5263364779874213 0.7249781332000501 0.030660377358490542 0.08496813694864434
2 0.5581761006289309 0.7224790703486192 0.036163522012578636 0.08996626265150579
1 0.6108490566037736 0.726852430338623 0.028301886792452772 0.09371485692865172
2 0.6419025157232705 0.7274771960514808 0.03537735849056614 0.09996251405722847
9 0.2464622641509434 0.726852430338623 0.03537735849056602 0.08371860552292884
0 0.21540880503144655 0.7249781332000501 0.02987421383647799 0.0924653255029364
0 0.1281446540880503 0.7218543046357616 0.03773584905660378 0.09871298263151325
1 0.15998427672955978 0.7243533674871924 0.025943396226415092 0.10121204548294388
